0
173.67656416497763
110.9187062847223
115.74797744187484
111.15341756869147
101.4461535007338
81.06715119926535
67.87924748068707
62.55692476499544
71.46575748833713
55.56188027915069
57.127513504504066
54.646678792130984
55.835719983003266
50.29182251072974
50.56578589686902
55.563959821979516
57.70383996626733
51.41405965491919
49.7394189749679
49.69218381337695
50.47555640691858
49.12497819998659
49.73383462931003
51.617606631609554
54.039223879041685
49.056590946585494
61.80158560789489
54.845137789933275
48.74551893887221
49.12540611904622
48.55956201065641
48.76743942246536
49.239223016899324
48.86587271427693
50.067798877788746
47.84758563898358
49.26548554775377
50.19906342065694
47.51486673719454
48.801412023479415
48.12851565901493
51.06348777264914
47.30045107162591
47.808611535375725
47.39780870558314
44.69060424189781
44.69549705722732
54.405314033539454
44.876972946177105
50.79844018398652
