0
159.3681489564464
95.93274826673533
63.589524577730394
54.18611180499656
49.281998720006406
46.80754429380825
44.90283709080319
43.73607366712797
42.88992979014103
42.52637876749339
42.55994514246198
42.306438007796686
42.237749904785616
42.077646078612865
42.00632702723232
42.044326468765135
41.43596464075633
40.97791903334949
40.51030238907471
40.447498792783804
40.20720581015588
39.97907859850988
39.43538772547005
39.82978282974116
39.50960743345395
39.61178514027993
39.049839284363834
39.32464134583167
39.006166338908066
38.830233149231425
38.84964820087415
38.98590151193053
38.68426527235127
38.5609488661592
38.80230447402572
38.63634880207972
38.55830689766521
38.27995090873701
38.31742025877251
37.88481034623597
37.46075891575646
37.14891726012771
36.914344587300064
36.52582321606454
36.438066121135684
36.371812831171496
36.251686013878306
36.19725865548482
36.208301355094044
36.13357493457651
