0
328.2993109365085
162.36638630767024
131.90678267168812
110.44474348281919
96.00691802010321
85.10307755914691
77.4557455032686
72.03433168455662
68.36958974716833
65.45432502214081
61.895182758596796
58.51668190489403
55.775786615897324
53.95083747205144
52.726380598540466
51.947458052226
51.30348697471305
50.60764688359696
50.12964679801023
49.83595893667546
49.08885271767632
48.69431051618682
48.351943834985484
47.915230512135665
47.94240903303342
47.836243036566565
47.35706035168068
47.508109966011276
47.6740111736473
47.53877360449661
47.06343199100511
47.23968729632878
46.90447231651408
46.81350299626064
46.59905920823683
46.49971150512704
46.16864582402691
45.855018813028046
45.770067976651866
45.41364380227591
45.63341987489734
45.347504017551515
44.855736300992334
45.14573250177538
44.664122353021135
44.85031447838639
44.86956606776085
44.69887336512085
45.12752997513812
44.78855936499879
