0
133.0825097447694
56.3128846121998
45.579152743977176
42.05590322921388
39.07255809864388
38.37202958489511
37.26467453172146
36.59651631812934
35.58493435993124
35.17254303219572
33.55487349728593
32.737672678796734
32.71517292200418
31.04575070437955
30.971694477249795
32.39900149660421
32.93978427348936
31.575368949123234
31.96253913520352
32.11033353840142
31.813283552230367
31.4974273808439
31.77598238094727
30.888944737125517
31.319877636970755
31.01318077385053
31.09527704458856
32.28288462899711
32.521680098587574
30.670968078713546
31.50254073345256
30.43090085985483
30.72051474589439
30.764397467672673
30.300665390336004
31.32011985072331
30.872076668193834
30.607596954580004
30.82912912317893
30.319752440343066
30.812876248012945
30.363654721243233
30.725789466216916
30.289513184165692
33.44248450296242
30.41709830579482
31.015524672334532
30.91886977865778
31.689609965973798
30.973426223940283
